30,2
0,455
0,386
30,4
0,273
0,270
37,49
37,48
37,47
37,46
37,45
37,44
37,43
37,42
37,41
37,40
37,39
37,38
37,37
37,36
37,35
10,274
10,24
10,4
10,224
10,16
10,117
10,161
10,170
11,28
11,15
8,14
34,6
34,5
34,4
34,3
34,2
34,1
34,0
30,3
30,1
28,3
28,1
20,3
20,2
20,1
19,3
19,2
19,1
12,3
12,2
12,1
11,24
11,23
11,19
11,18
11,17
11,14
11,11
11,10
11,8
11,7
11,4
11,3
11,2
11,1
10,288
10,273
10,240
10,234
10,214
10,200
10,192
18,1
10,158
18,3
10,155
10,153
10,98
10,74
10,33
10,30
14,1
10,14
14,3
10,3
13,1
10,2
13,3
10,1
9,7
9,5
